4
66
101
191
106
176
137
13
84
31
105
37
238
118
216
9
184
5
209
97
250
242
78
14
161
201
67
19
198
246
45
112
213
199
138
257
203
98
1
115
131
119
221
27
168
148
228
39
26
190
90
197
30
61
79
86
35
46
181
18
65
206
121
258
170
165
188
180
41
212
12
126
93
193
76
248
155
149
11
187
234
74
243
202
49
215
8
207
231
40
196
34
38
122
47
169
255
260
125
259
6
252
185
162
91
3
241
71
143
62
214
109
233
21
141
218
156
114
56
178
54
108
230
171
175
52
177
59
75
100
130
87
85
23
172
211
151
140
116
194
227
210
69
43
88
25
83
254
32
164
136
167
2
42
229
16
182
58
144
224
226
117
192
72
264
20
220
89
153
132
200
189
249
152
251
240
158
174
256
204
124
128
195
111
134
159
77
44
236
179
127
247
237
28
142
94
154
183
24
160
55
253
48
205
10
95
7
245
99
68
223
145
239
139
102
123
70
129
92
22
57
262
107
113
29
53
133
263
265
173
73
60
146
166
17
150
147
244
157
51
96
235
81
15
186
217
82
225
219
232
36
208
135
50
163
33
63
261
80
64
222
120