28
249
239
142
255
36
198
146
225
254
160
175
140
79
246
129
58
189
120
228
4
192
204
125
263
168
235
243
138
196
91
31
87
151
85
59
1
219
101
161
45
213
10
62
251
180
30
260
257
80
3
64
206
166
43
112
119
67
190
46
240
41
226
223
54
200
238
137
47
21
157
155
118
109
50
193
194
97
143
139
65
211
203
247
27
172
149
188
94
8
154
141
148
70
159
17
158
237
135
61
253
231
222
83
35
115
164
69
145
252
9
92
39
86
95
88
181
216
22
191
248
96
261
150
5
265
215
108
179
185
6
167
229
100
66
264
220
171
104
233
234
258
106
89
165
48
81
177
221
14
217
114
218
49
242
29
173
126
236
230
12
207
75
144
74
7
169
18
33
186
107
132
42
136
113
128
55
78
117
60
2
147
34
32
241
51
84
199
13
68
130
82
15
201
63
23
24
98
202
127
19
77
25
152
212
76
133
20
250
116
174
232
102
44
105
57
210
153
38
37
131
163
170
72
134
227
123
111
259
245
124
176
162
40
26
195
182
16
224
256
56
205
11
209
93
121
178
244
214
90
183
187
122
71
184
197
262
52
208
73
156
99
53